65.77569246292114 Test loss (%)
98.10453057289124 Test accuracy (%)

97.94882994718249 Kappa accuracy (%)
98.20209059233449 Overall accuracy (%)
91.94120676575412 Average accuracy (%)

                              precision    recall  f1-score   support

                     Alfalfa       1.00      0.94      0.97        32
                 Corn-notill       0.96      0.98      0.97      1000
                Corn-mintill       0.97      1.00      0.98       581
                        Corn       0.99      1.00      0.99       166
               Grass-pasture       0.99      0.96      0.98       338
                 Grass-trees       0.98      1.00      0.99       511
         Grass-pasture-mowed       0.91      1.00      0.95        20
               Hay-windrowed       1.00      1.00      1.00       335
                        Oats       0.00      0.00      0.00        14
              Soybean-notill       0.98      0.92      0.95       680
             Soybean-mintill       0.99      1.00      0.99      1719
               Soybean-clean       0.99      0.96      0.98       415
                       Wheat       0.99      1.00      0.99       143
                       Woods       1.00      1.00      1.00       886
Buildings-Grass-Trees-Drives       1.00      1.00      1.00       270
          Stone-Steel-Towers       0.85      0.95      0.90        65

                    accuracy                           0.98      7175
                   macro avg       0.91      0.92      0.92      7175
                weighted avg       0.98      0.98      0.98      7175

[[  30    0    0    0    0    0    0    0    0    2    0    0    0    0
     0    0]
 [   0  982    2    0    0    9    0    0    0    2    5    0    0    0
     0    0]
 [   0    0  580    1    0    0    0    0    0    0    0    0    0    0
     0    0]
 [   0    0    0  166    0    0    0    0    0    0    0    0    0    0
     0    0]
 [   0    0    5    0  326    0    2    0    0    0    3    0    2    0
     0    0]
 [   0    0    0    1    0  510    0    0    0    0    0    0    0    0
     0    0]
 [   0    0    0    0    0    0   20    0    0    0    0    0    0    0
     0    0]
 [   0    0    0    0    0    0    0  335    0    0    0    0    0    0
     0    0]
 [   0    0   10    0    4    0    0    0    0    0    0    0    0    0
     0    0]
 [   0   38    0    0    0    0    0    0    0  627   15    0    0    0
     0    0]
 [   0    2    0    0    0    1    0    0    0    5 1711    0    0    0
     0    0]
 [   0    0    1    0    0    0    0    0    0    3    0  400    0    0
     0   11]
 [   0    0    0    0    0    0    0    0    0    0    0    0  143    0
     0    0]
 [   0    0    0    0    0    0    0    0    0    0    1    0    0  885
     0    0]
 [   0    0    0    0    0    0    0    0    0    0    1    0    0    0
   269    0]
 [   0    0    0    0    0    0    0    0    0    0    0    3    0    0
     0   62]]