58.78921151161194 Test loss (%)
99.8606264591217 Test accuracy (%)

99.82520332999782 Kappa accuracy (%)
99.84668989547039 Overall accuracy (%)
99.87755854768479 Average accuracy (%)

                              precision    recall  f1-score   support

                     Alfalfa       1.00      1.00      1.00        32
                 Corn-notill       1.00      1.00      1.00      1000
                Corn-mintill       0.99      1.00      1.00       581
                        Corn       1.00      1.00      1.00       166
               Grass-pasture       1.00      1.00      1.00       338
                 Grass-trees       1.00      1.00      1.00       511
         Grass-pasture-mowed       1.00      1.00      1.00        20
               Hay-windrowed       1.00      1.00      1.00       335
                        Oats       1.00      1.00      1.00        14
              Soybean-notill       1.00      1.00      1.00       680
             Soybean-mintill       1.00      1.00      1.00      1719
               Soybean-clean       1.00      0.99      1.00       415
                       Wheat       1.00      1.00      1.00       143
                       Woods       1.00      1.00      1.00       886
Buildings-Grass-Trees-Drives       1.00      1.00      1.00       270
          Stone-Steel-Towers       0.98      1.00      0.99        65

                    accuracy                           1.00      7175
                   macro avg       1.00      1.00      1.00      7175
                weighted avg       1.00      1.00      1.00      7175

[[  32    0    0    0    0    0    0    0    0    0    0    0    0    0
     0    0]
 [   0  998    0    0    0    0    0    0    0    0    2    0    0    0
     0    0]
 [   0    0  581    0    0    0    0    0    0    0    0    0    0    0
     0    0]
 [   0    0    0  166    0    0    0    0    0    0    0    0    0    0
     0    0]
 [   0    0    0    0  337    0    0    0    0    1    0    0    0    0
     0    0]
 [   0    0    0    0    0  511    0    0    0    0    0    0    0    0
     0    0]
 [   0    0    0    0    0    0   20    0    0    0    0    0    0    0
     0    0]
 [   0    0    0    0    0    0    0  335    0    0    0    0    0    0
     0    0]
 [   0    0    0    0    0    0    0    0   14    0    0    0    0    0
     0    0]
 [   0    3    0    0    0    0    0    0    0  677    0    0    0    0
     0    0]
 [   0    0    0    0    0    1    0    0    0    0 1718    0    0    0
     0    0]
 [   0    0    3    0    0    0    0    0    0    0    0  411    0    0
     0    1]
 [   0    0    0    0    0    0    0    0    0    0    0    0  143    0
     0    0]
 [   0    0    0    0    0    0    0    0    0    0    0    0    0  886
     0    0]
 [   0    0    0    0    0    0    0    0    0    0    0    0    0    0
   270    0]
 [   0    0    0    0    0    0    0    0    0    0    0    0    0    0
     0   65]]