59.147483110427856 Test loss (%)
99.84669089317322 Test accuracy (%)

99.74573201328086 Kappa accuracy (%)
99.77700348432056 Overall accuracy (%)
98.87418915578165 Average accuracy (%)

                              precision    recall  f1-score   support

                     Alfalfa       1.00      1.00      1.00        32
                 Corn-notill       1.00      1.00      1.00      1000
                Corn-mintill       1.00      1.00      1.00       581
                        Corn       1.00      1.00      1.00       166
               Grass-pasture       1.00      1.00      1.00       338
                 Grass-trees       0.99      1.00      1.00       511
         Grass-pasture-mowed       1.00      1.00      1.00        20
               Hay-windrowed       1.00      1.00      1.00       335
                        Oats       1.00      0.86      0.92        14
              Soybean-notill       1.00      1.00      1.00       680
             Soybean-mintill       1.00      1.00      1.00      1719
               Soybean-clean       1.00      1.00      1.00       415
                       Wheat       1.00      1.00      1.00       143
                       Woods       1.00      1.00      1.00       886
Buildings-Grass-Trees-Drives       1.00      1.00      1.00       270
          Stone-Steel-Towers       0.98      0.98      0.98        65

                    accuracy                           1.00      7175
                   macro avg       1.00      0.99      0.99      7175
                weighted avg       1.00      1.00      1.00      7175

[[  32    0    0    0    0    0    0    0    0    0    0    0    0    0
     0    0]
 [   0  996    0    0    0    1    0    0    0    0    2    0    0    0
     1    0]
 [   0    0  580    0    0    1    0    0    0    0    0    0    0    0
     0    0]
 [   0    0    0  166    0    0    0    0    0    0    0    0    0    0
     0    0]
 [   0    0    0    0  337    0    0    0    0    0    1    0    0    0
     0    0]
 [   0    0    0    0    0  509    0    0    0    0    2    0    0    0
     0    0]
 [   0    0    0    0    0    0   20    0    0    0    0    0    0    0
     0    0]
 [   0    0    0    0    0    0    0  335    0    0    0    0    0    0
     0    0]
 [   0    0    1    0    0    1    0    0   12    0    0    0    0    0
     0    0]
 [   0    0    0    0    1    0    0    0    0  679    0    0    0    0
     0    0]
 [   0    1    0    0    0    0    0    0    0    0 1718    0    0    0
     0    0]
 [   0    0    0    0    0    0    0    0    0    0    0  414    0    0
     0    1]
 [   0    0    0    0    0    0    0    0    0    0    0    0  143    0
     0    0]
 [   0    0    0    0    0    0    0    0    0    0    1    0    0  885
     0    0]
 [   0    0    0    0    0    0    0    0    0    0    0    1    0    0
   269    0]
 [   0    0    0    0    0    0    0    0    0    0    0    1    0    0
     0   64]]